$ 1 0.000005 10.20027730826997 50 5 43
v -320 160 -320 -96 0 0 40 5 0 0 0.5
w -320 -96 -224 -96 0
w -320 160 -224 160 0
r -224 160 -224 64 0 1000
370 -224 -16 -224 64 1 0
w -224 -96 -128 -96 0
w -224 160 -128 160 0
p -128 -96 -128 160 1 0
p -128 240 -128 448 1 0
w -224 448 -128 448 0
w -224 240 -128 240 0
370 -320 240 -224 240 1 0
r -224 448 -224 352 0 1000
w -320 448 -224 448 0
v -320 448 -320 240 0 0 40 5 0 0 0.5
w -224 240 -224 352 0
r -224 -96 -224 -16 0 10
w -128 240 -64 240 0
w -128 448 -64 448 0
r -64 240 -64 448 0 100000
